# This file may be used to create an environment using:
# $ conda create --name <env> --file <this file>
# platform: win-64
archspec=0.2.1=pyhd3eb1b0_0
boltons=23.0.0=py311haa95532_0
brotli-python=1.0.9=py311hd77b12b_7
bzip2=1.0.8=he774522_0
ca-certificates=2023.12.12=haa95532_0
certifi=2023.11.17=pyhd8ed1ab_0
cffi=1.16.0=py311h2bbff1b_0
charset-normalizer=2.0.4=pyhd3eb1b0_0
colorama=0.4.6=py311haa95532_0
conda=23.11.0=py311h1ea47a8_1
conda-content-trust=0.2.0=py311haa95532_0
conda-libmamba-solver=23.12.0=pyhd3eb1b0_1
conda-package-handling=2.2.0=py311haa95532_0
conda-package-streaming=0.9.0=py311haa95532_0
console_shortcut_miniconda=0.1.1=haa95532_1
cryptography=41.0.7=py311h89fc84f_0
distro=1.8.0=py311haa95532_0
fmt=10.1.1=h181d51b_1
idna=3.4=py311haa95532_0
jsonpatch=1.32=pyhd3eb1b0_0
jsonpointer=2.1=pyhd3eb1b0_0
krb5=1.21.2=heb0366b_0
libarchive=3.7.2=h313118b_1
libcurl=8.5.0=hd5e4a3a_0
libffi=3.4.4=hd77b12b_0
libiconv=1.17=hcfcfb64_2
libmamba=1.5.6=h3f09ed1_0
libmambapy=1.5.6=py311h0317a69_0
libsolv=0.7.24=h23ce68f_0
libssh2=1.11.0=h7dfc565_0
libxml2=2.12.4=hc3477c8_1
libzlib=1.2.13=hcfcfb64_5
lz4-c=1.9.4=h2bbff1b_0
lzo=2.10=he774522_1000
mamba=1.5.6=py311h8cb466b_0
menuinst=2.0.1=py311hd77b12b_1
openssl=3.2.0=hcfcfb64_1
packaging=23.1=py311haa95532_0
pcre2=10.42=h0ff8eda_0
pip=23.3.1=py311haa95532_0
platformdirs=3.10.0=py311haa95532_0
pluggy=1.0.0=py311haa95532_1
powershell_shortcut_miniconda=0.0.1=haa95532_1
pybind11-abi=4=hd3eb1b0_1
pycosat=0.6.6=py311h2bbff1b_0
pycparser=2.21=pyhd3eb1b0_0
pyopenssl=23.2.0=py311haa95532_0
pysocks=1.7.1=py311haa95532_0
python=3.11.5=he1021f5_0
python_abi=3.11=2_cp311
reproc=14.2.4=hd77b12b_1
reproc-cpp=14.2.4=hd77b12b_1
requests=2.31.0=py311haa95532_0
ruamel.yaml=0.17.21=py311h2bbff1b_0
setuptools=68.2.2=py311haa95532_0
sqlite=3.41.2=h2bbff1b_0
tk=8.6.12=h2bbff1b_0
tqdm=4.65.0=py311h746a85d_0
truststore=0.8.0=py311haa95532_0
tzdata=2023c=h04d1e81_0
ucrt=10.0.22621.0=h57928b3_0
urllib3=1.26.18=py311haa95532_0
vc=14.2=h21ff451_1
vc14_runtime=14.38.33130=h82b7239_18
vs2015_runtime=14.38.33130=hcb4865c_18
wheel=0.41.2=py311haa95532_0
win_inet_pton=1.1.0=py311haa95532_0
xz=5.4.5=h8cc25b3_0
yaml-cpp=0.8.0=hd77b12b_0
zlib=1.2.13=hcfcfb64_5
zstandard=0.19.0=py311h2bbff1b_0
zstd=1.5.5=hd43e919_0
